30
0.2
0
0
1
1
0.394383
0.840188
0.79844
0.783099
0.197551
0.911647
0.76823
0.335223
0.55397
0.277775
0.628871
0.477397
0.513401
0.364784
0.916195
0.95223
0.717297
0.635712
0.606969
0.141603
0.242887
0.0163006
0.804177
0.137232
0.400944
0.156679
0.108809
0.12979
0.218257
0.998925
0.839112
0.512932
0.296032
0.61264
0.524287
0.637552
0.972775
0.493583
0.771358
0.292517
0.769914
0.526745
0.891529
0.400229
0.352458
0.283315
0.919026
0.807725
0.949327
0.0697553
0.0860558
0.525995
0.663227
0.192214
0.348893
0.890233