500
0.2
0
0
1
1
0.394383
0.840188
0.79844
0.783099
0.197551
0.911647
0.76823
0.335223
0.55397
0.277775
0.628871
0.477397
0.513401
0.364784
0.916195
0.95223
0.717297
0.635712
0.606969
0.141603
0.242887
0.0163006
0.804177
0.137232
0.400944
0.156679
0.108809
0.12979
0.218257
0.998925
0.839112
0.512932
0.296032
0.61264
0.524287
0.637552
0.972775
0.493583
0.771358
0.292517
0.769914
0.526745
0.891529
0.400229
0.352458
0.283315
0.919026
0.807725
0.949327
0.0697553
0.0860558
0.525995
0.663227
0.192214
0.348893
0.890233
0.020023
0.0641713
0.0630958
0.457702
0.970634
0.23828
0.85092
0.902208
0.53976
0.266666
0.760249
0.375207
0.667724
0.512535
0.0392803
0.531606
0.931835
0.437638
0.720952
0.93081
0.738534
0.284293
0.354049
0.639979
0.165974
0.687861
0.880075
0.440105
0.330337
0.829201
0.893372
0.228968
0.68667
0.35036
0.58864
0.956468
0.858676
0.657304
0.92397
0.43956
0.814767
0.398437
0.910972
0.684219
0.215825
0.482491
0.920128
0.950252
0.881062
0.14766
0.431953
0.641081
0.281059
0.619596
0.307458
0.786002
0.226107
0.447034
0.276235
0.187533
0.416501
0.556444
0.906804
0.169607
0.126075
0.103171
0.760475
0.495444
0.935004
0.984752
0.383188
0.684445
0.368664
0.749771
0.232262
0.29416
0.244413
0.584489
0.732149
0.15239
0.79347
0.125475
0.745071
0.164102
0.950104
0.0745298
0.521563
0.0525293
0.240062
0.176211
0.732654
0.797798
0.967405
0.656564
0.759735
0.639458
0.134902
0.0934805
0.0782321
0.52021
0.204655
0.0699064
0.819677
0.46142
0.755581
0.573319
0.157807
0.0519388
0.204329
0.999994
0.125468
0.889956
0.0540576
0.997799
0.0723288
0.87054
0.923069
0.00416161
0.180372
0.593892
0.39169
0.163131
0.819695
0.913027
0.552485
0.359095
0.452576
0.57943
0.0996401
0.687387
0.757294
0.530808
0.992228
0.304295
0.877614
0.576971
0.62891
0.747809
0.747803
0.0354209
0.925377
0.833239
0.831038
0.873271
0.743811
0.979434
0.983596
0.903366
0.497259
0.66688
0.830012
0.163968
0.0769947
0.888949
0.248044
0.649707
0.229137
0.62948
0.316867
0.70062
0.231428
0.328777
0.633072
0.074161
0.651132
0.223656
0.971466
0.510686
0.546107
0.280042
0.113281
0.719269
0.59254
0.471483
0.450918
0.944318
0.847684
0.336351
0.00323146
0.434513
0.598481
0.344943
0.233892
0.833243
0.48295
0.675476
0.304956
0.481936
0.182556
0.712087
0.0408643
0.621823
0.695984
0.413984
0.63764
0.673936
0.184622
0.347116
0.627158
0.609106
0.328374
0.730729
0.202213
0.740438
0.684757
0.920914
0.257265
0.65313
0.0876436
0.532441
0.877384
0.260497
0.0937402
0.686125
0.361601
0.111276
0.593211
0.576691
0.288778
0.666557
0.288379
0.775767
0.189751
0.329642
0.00357857
0.984363
0.331479
0.827391
0.436497
0.188201
0.91893
0.958637
0.699075
0.764871
0.685786
0.121143
0.774273
0.383832
0.916273
0.943051
0.203548
0.861917
0.548042
0.793657
0.904932
0.297288
0.873979
0.909643
0.5762
0.498144
0.273911
0.162757
0.492399
0.864579
0.848942
0.463662
0.291053
0.495977
0.684178
0.180421
0.139058
0.72755
0.492422
0.603109
0.724252
0.838134
0.221966
0.178208
0.121259
0.498525
0.360443
0.138238
0.931895
0.324807
0.622095
0.908485
0.818128
0.836828
0.334972
0.496074
0.658831
0.394327
0.258906
0.608883
0.072545
0.15123
0.647207
0.107848
0.28827
0.363598
0.0911486
0.331386
0.934495
0.427328
0.265461
0.58357
0.761778
0.658747
0.157272
0.487427
0.625665
0.883037
0.207844
0.517715
0.426199
0.557561
0.394388
0.829939
0.326013
0.244327
0.638654
0.72936
0.338243
0.984845
0.136075
0.89756
0.00540855
0.410788
0.774386
0.783282
0.114668
0.293678
0.721006
0.865535
0.449105
0.0491625
0.707909
0.986467
0.473894
0.210883
0.0939195
0.865181
0.382896
0.0995593
0.65712
0.301763
0.131702
0.809095
0.0534223
0.0515083
0.780868
0.457716
0.44256
0.692076
0.589637
0.119111
0.529899
0.578635
0.361917
0.595045
0.888723
0.304285
0.16982
0.476585
0.525747
0.609729
0.596196
0.618925
0.829808
0.233656
0.0988374
0.0700902
0.16965
0.923728
0.225491
0.481733
0.290829
0.826769
0.878278
0.357193
0.814909
0.344251
0.0363274
0.659146
0.778257
0.257469
0.836104
0.625964
0.221009
0.308157
0.612442
0.198021
0.674605
0.109733
0.719462
0.782262
0.401188
0.200352
0.434009
0.315658
0.385748
0.230996
0.154724
0.532846
0.0145793
0.555398
0.382167
0.380215
0.737408
0.305408
0.649659
0.260445
0.919591
0.552316
0.809785
0.685986
0.31195
0.697848
0.00600477
0.645889
0.84391
0.53296
0.642693
0.618447
0.400709
0.518515
0.718867
0.362154
0.677812
0.801897
0.0328927
0.152876
0.685722
0.0635606
0.618958
0.187616
0.567831
0.700301
0.00570914
0.00112548
0.26157
0.305239
0.857555
0.655368
0.341354
0.181161
0.879009
0.667341
0.31323
0.653305
0.186265
0.885014
0.503461
0.157139
0.675654
0.828957
0.191112
0.90417
0.706067
0.394521
0.547397
0.868924
0.932485
0.738959
0.926576
0.233119
0.93342
0.551443
0.552568
0.494407
0.799646
0.939129
0.594497
0.814139
0.9953
0.657201
0.324541
0.935852
0.589157
0.874309
0.759324
0.637771
0.79491
0.775421
0.604379
0.262785
0.166955
0.470564
0.865086
0.79549
0.664414
0.873021
0.611981
0.412483
0.645601
0.596899
0.148342
0.538557
0.0329634
0.579022
0.518151
0.70091
0.515049
0.832609
0.48981
0.112648
0.0484997
0.510349
0.384658
0.814351
0.452122
0.637656
0.413078
0.143982
0.406767
0.247033
0.717597
0.0174566
0.812947
0.573721
0.446743
0.582682
0.995165
0.477361
0.0742604
0.0587232
0.59728
0.640766
0.219788
0.222602
0.923513
0.630243
0.462852
0.737939
0.850586
0.438562
0.948911
0.952662
0.767014
0.899086
0.536742
0.333569
0.477551
0.219136
0.466169
0.94982
0.967277
0.884318
0.458039
0.183765
0.766448
0.780224
0.257585
0.904782
0.963505
0.761612
0.402379
0.331846
0.554448
0.560785
0.191028
0.622167
0.360105
0.477961
0.916523
0.65388
0.606542
0.210692
0.109778
0.865434
0.199003
0.373556
0.592692
0.64652
0.596341
0.676554
0.560872
0.0588605
0.242626
0.563617
0.343841
0.0189108
0.923692
0.00907344
0.770686
0.601427
0.933273
0.887197
0.447982
0.173065
0.795231
0.487721
0.965682
0.639009
0.292889
0.155336
0.366028
0.882204
0.747638
0.899431
0.272987
0.475806
0.122326
0.94664
0.623194
0.865679
0.92454
0.718666
0.282284
0.184066
0.202977
0.167165
0.176239
0.626125
0.227552
0.126669
0.0138663
0.946925
0.119989
0.160824
0.648545
0.461848
0.100857
0.915221
0.070557
0.614227
0.496431
0.393746
0.293177
0.436585
0.912391
0.244069
0.190709
0.566164
0.431844
0.0347164
0.753383
0.813904
0.99797
0.356383
0.523548
0.0356664
0.661792
0.200947
0.327616
0.699787
0.646712
0.889343
0.0501679
0.341482
0.80333
0.766701
0.681922
0.698713
0.31294
0.904187
0.297933
0.752479
0.189064
0.809371
0.0534394
0.591111
0.157275
0.101454
0.136171
0.244149
0.0580523
0.589119
0.945502
0.889553
0.92522
0.0560222
0.256969
0.46905
0.168837
0.587011
0.476355
0.584585
0.926068
0.815549
0.58225
0.526523
0.225236
0.729398
0.633585
0.264172
0.0166506
0.538175
0.347546
0.931518
0.522629
0.205714
0.307168
0.400985
0.645134
0.679904
0.269022
0.443339
0.332892
0.703186
0.759208
0.214524
0.683574
0.258112
0.845123
0.0161775
0.600763
0.852411
0.66796
0.321478
0.848
0.52683
0.256228
0.25021
0.514382
0.0732357
0.611411
0.889813
0.821331
0.531033
0.736747
0.958957
0.359942
0.343959
0.0238632
0.0439153
0.487254
0.0050762
0.708262
0.292886
0.50741
0.820146
0.0782579
0.467471
0.483648
0.190984
0.0433947
0.923381
0.244858
0.084411
0.611241
0.711355
0.961565
0.0928584
0.166094
0.867469
0.757282
0.475947
0.00698012
0.777505
0.736462
0.578613
0.922572
0.743727
0.787642
0.0964041
0.10148
0.946435
0.239321
0.274897
0.0950427
0.809743
0.277214
0.74673
0.937714
0.173301
0.0966814
0.760862
0.845273
0.981109
0.692463
0.34154
0.434398
0.456514
0.323983
0.654029
0.129976
0.600492
0.377997
0.081265
0.659878
0.136956
0.880683
0.114459
0.210863
0.58245
0.528885
0.668326
0.943222
0.312343
0.122086
0.768206
0.514936
0.0382648
0.211565
0.3993
0.160162
0.45265
0.433758
0.308247
0.649787
0.00543489
0.461949
0.126222
0.780251
0.0841846
0.684677
0.785932
0.867197
0.910227
0.0471826
0.0626739
0.177133
0.527075
0.109525
0.927866
0.596191
0.387996
0.70034
0.638409
0.406615
0.539413
0.577678
0.822426
0.221726
0.921551
0.374201
0.789244
0.0974906
0.381888
0.387323
0.807959
0.934181
0.747277
0.831462
0.849272
0.635204
0.714432
0.624658
0.516139
0.578813
0.502401
0.0294762
0.671841
0.599707
0.755945
0.143942
0.139001
0.77741
0.195898
0.735311
0.844281
0.666707
0.184025
0.105576
0.31299
0.102233
0.888433
0.270321
0.479777
0.287736
0.199724
0.947001
0.657643
0.506915
0.221918
0.936349
0.778463
0.294601
0.142119
0.64452
0.561007
0.232848
0.873414
0.629359
0.673996
0.812997
0.832555
0.0284525
0.773301
0.617582
0.590407
0.774432
0.763764
0.0767534
0.284289
0.172722
0.880009
0.359786
0.178987
0.37871
0.443043
0.100686
0.647522
0.86944
0.325711
0.104174
0.6076
0.749719
0.805789
0.366796
0.398775
0.272189
0.394239
0.0682348
0.599644
0.432199
0.901549
0.67485
0.881232
0.471639
0.460652
0.224415
0.292432
0.576721
0.246071
0.12608
0.301169
0.480156
0.749443
0.192486
0.485866
0.133388
0.858866
0.184577
0.293171
0.900772
0.00282779
0.808617
0.288752
0.687527
0.650491
0.0447295
0.175413
0.775058
0.959716
0.861265
0.112964
0.994196
0.207257
0.667908
0.536115
0.828546
0.465835
0.711906
0.892324
0.193493
0.405267
0.154711
0.837986
